4
3
3	15 14 13 
3	15 14 11 
3	15 14 10 
3	15 14 9 
3	15 11 14 
3	15 11 10 
3	15 11 7 
3	15 11 6 
3	15 10 14 
3	15 10 13 
3	15 10 11 
3	15 10 9 
3	15 10 7 
3	15 10 6 
3	15 10 5 
3	14 15 11 
3	14 15 10 
3	14 13 12 
3	14 13 10 
3	14 13 9 
3	14 13 8 
3	14 11 15 
3	14 11 10 
3	14 11 7 
3	14 11 6 
3	14 10 15 
3	14 10 13 
3	14 10 11 
3	14 10 9 
3	14 10 7 
3	14 10 6 
3	14 10 5 
3	14 9 13 
3	14 9 12 
3	14 9 10 
3	14 9 8 
3	14 9 6 
3	14 9 5 
3	14 9 4 
3	13 14 15 
3	13 14 11 
3	13 14 10 
3	13 14 9 
3	13 12 9 
3	13 12 8 
3	13 10 15 
3	13 10 14 
3	13 10 11 
3	13 10 9 
3	13 10 7 
3	13 10 6 
3	13 10 5 
3	13 9 14 
3	13 9 12 
3	13 9 10 
3	13 9 8 
3	13 9 6 
3	13 9 5 
3	13 9 4 
3	13 8 12 
3	13 8 9 
3	13 8 5 
3	13 8 4 
3	12 13 14 
3	12 13 10 
3	12 13 9 
3	12 13 8 
3	12 9 14 
3	12 9 13 
3	12 9 10 
3	12 9 8 
3	12 9 6 
3	12 9 5 
3	12 9 4 
3	12 8 13 
3	12 8 9 
3	12 8 5 
3	12 8 4 
3	11 15 14 
3	11 15 10 
3	11 14 15 
3	11 14 13 
3	11 14 10 
3	11 14 9 
3	11 10 15 
3	11 10 14 
3	11 10 13 
3	11 10 9 
3	11 10 7 
3	11 10 6 
3	11 10 5 
3	11 7 10 
3	11 7 6 
3	11 7 3 
3	11 7 2 
3	11 6 10 
3	11 6 9 
3	11 6 7 
3	11 6 5 
3	11 6 3 
3	11 6 2 
3	11 6 1 
3	10 15 14 
3	10 15 11 
3	10 14 15 
3	10 14 13 
3	10 14 11 
3	10 14 9 
3	10 13 14 
3	10 13 12 
3	10 13 9 
3	10 13 8 
3	10 11 15 
3	10 11 14 
3	10 11 7 
3	10 11 6 
3	10 9 14 
3	10 9 13 
3	10 9 12 
3	10 9 8 
3	10 9 6 
3	10 9 5 
3	10 9 4 
3	10 7 11 
3	10 7 6 
3	10 7 3 
3	10 7 2 
3	10 6 11 
3	10 6 9 
3	10 6 7 
3	10 6 5 
3	10 6 3 
3	10 6 2 
3	10 6 1 
3	10 5 9 
3	10 5 8 
3	10 5 6 
3	10 5 4 
3	10 5 2 
3	10 5 1 
3	10 5 0 
3	9 14 15 
3	9 14 13 
3	9 14 11 
3	9 14 10 
3	9 13 14 
3	9 13 12 
3	9 13 10 
3	9 13 8 
3	9 12 13 
3	9 12 8 
3	9 10 15 
3	9 10 14 
3	9 10 13 
3	9 10 11 
3	9 10 7 
3	9 10 6 
3	9 10 5 
3	9 8 13 
3	9 8 12 
3	9 8 5 
3	9 8 4 
3	9 6 11 
3	9 6 10 
3	9 6 7 
3	9 6 5 
3	9 6 3 
3	9 6 2 
3	9 6 1 
3	9 5 10 
3	9 5 8 
3	9 5 6 
3	9 5 4 
3	9 5 2 
3	9 5 1 
3	9 5 0 
3	9 4 8 
3	9 4 5 
3	9 4 1 
3	9 4 0 
3	8 13 14 
3	8 13 12 
3	8 13 10 
3	8 13 9 
3	8 12 13 
3	8 12 9 
3	8 9 14 
3	8 9 13 
3	8 9 12 
3	8 9 10 
3	8 9 6 
3	8 9 5 
3	8 9 4 
3	8 5 10 
3	8 5 9 
3	8 5 6 
3	8 5 4 
3	8 5 2 
3	8 5 1 
3	8 5 0 
3	8 4 9 
3	8 4 5 
3	8 4 1 
3	8 4 0 
3	7 11 15 
3	7 11 14 
3	7 11 10 
3	7 11 6 
3	7 10 15 
3	7 10 14 
3	7 10 13 
3	7 10 11 
3	7 10 9 
3	7 10 6 
3	7 10 5 
3	7 6 11 
3	7 6 10 
3	7 6 9 
3	7 6 5 
3	7 6 3 
3	7 6 2 
3	7 6 1 
3	7 3 6 
3	7 3 2 
3	7 2 6 
3	7 2 5 
3	7 2 3 
3	7 2 1 
3	6 11 15 
3	6 11 14 
3	6 11 10 
3	6 11 7 
3	6 10 15 
3	6 10 14 
3	6 10 13 
3	6 10 11 
3	6 10 9 
3	6 10 7 
3	6 10 5 
3	6 9 14 
3	6 9 13 
3	6 9 12 
3	6 9 10 
3	6 9 8 
3	6 9 5 
3	6 9 4 
3	6 7 11 
3	6 7 10 
3	6 7 3 
3	6 7 2 
3	6 5 10 
3	6 5 9 
3	6 5 8 
3	6 5 4 
3	6 5 2 
3	6 5 1 
3	6 5 0 
3	6 3 7 
3	6 3 2 
3	6 2 7 
3	6 2 5 
3	6 2 3 
3	6 2 1 
3	6 1 5 
3	6 1 4 
3	6 1 2 
3	6 1 0 
3	5 10 15 
3	5 10 14 
3	5 10 13 
3	5 10 11 
3	5 10 9 
3	5 10 7 
3	5 10 6 
3	5 9 14 
3	5 9 13 
3	5 9 12 
3	5 9 10 
3	5 9 8 
3	5 9 6 
3	5 9 4 
3	5 8 13 
3	5 8 12 
3	5 8 9 
3	5 8 4 
3	5 6 11 
3	5 6 10 
3	5 6 9 
3	5 6 7 
3	5 6 3 
3	5 6 2 
3	5 6 1 
3	5 4 9 
3	5 4 8 
3	5 4 1 
3	5 4 0 
3	5 2 7 
3	5 2 6 
3	5 2 3 
3	5 2 1 
3	5 1 6 
3	5 1 4 
3	5 1 2 
3	5 1 0 
3	5 0 4 
3	5 0 1 
3	4 9 14 
3	4 9 13 
3	4 9 12 
3	4 9 10 
3	4 9 8 
3	4 9 6 
3	4 9 5 
3	4 8 13 
3	4 8 12 
3	4 8 9 
3	4 8 5 
3	4 5 10 
3	4 5 9 
3	4 5 8 
3	4 5 6 
3	4 5 2 
3	4 5 1 
3	4 5 0 
3	4 1 6 
3	4 1 5 
3	4 1 2 
3	4 1 0 
3	4 0 5 
3	4 0 1 
3	3 7 11 
3	3 7 10 
3	3 7 6 
3	3 7 2 
3	3 6 11 
3	3 6 10 
3	3 6 9 
3	3 6 7 
3	3 6 5 
3	3 6 2 
3	3 6 1 
3	3 2 7 
3	3 2 6 
3	3 2 5 
3	3 2 1 
3	2 7 11 
3	2 7 10 
3	2 7 6 
3	2 7 3 
3	2 6 11 
3	2 6 10 
3	2 6 9 
3	2 6 7 
3	2 6 5 
3	2 6 3 
3	2 6 1 
3	2 5 10 
3	2 5 9 
3	2 5 8 
3	2 5 6 
3	2 5 4 
3	2 5 1 
3	2 5 0 
3	2 3 7 
3	2 3 6 
3	2 1 6 
3	2 1 5 
3	2 1 4 
3	2 1 0 
3	1 6 11 
3	1 6 10 
3	1 6 9 
3	1 6 7 
3	1 6 5 
3	1 6 3 
3	1 6 2 
3	1 5 10 
3	1 5 9 
3	1 5 8 
3	1 5 6 
3	1 5 4 
3	1 5 2 
3	1 5 0 
3	1 4 9 
3	1 4 8 
3	1 4 5 
3	1 4 0 
3	1 2 7 
3	1 2 6 
3	1 2 5 
3	1 2 3 
3	1 0 5 
3	1 0 4 
3	0 5 10 
3	0 5 9 
3	0 5 8 
3	0 5 6 
3	0 5 4 
3	0 5 2 
3	0 5 1 
3	0 4 9 
3	0 4 8 
3	0 4 5 
3	0 4 1 
3	0 1 6 
3	0 1 5 
3	0 1 4 
3	0 1 2 
