5
3
3	24 23 22 
3	24 23 19 
3	24 23 18 
3	24 23 17 
3	24 19 23 
3	24 19 18 
3	24 19 14 
3	24 19 13 
3	24 18 23 
3	24 18 22 
3	24 18 19 
3	24 18 17 
3	24 18 14 
3	24 18 13 
3	24 18 12 
3	23 24 19 
3	23 24 18 
3	23 22 21 
3	23 22 18 
3	23 22 17 
3	23 22 16 
3	23 19 24 
3	23 19 18 
3	23 19 14 
3	23 19 13 
3	23 18 24 
3	23 18 22 
3	23 18 19 
3	23 18 17 
3	23 18 14 
3	23 18 13 
3	23 18 12 
3	23 17 22 
3	23 17 21 
3	23 17 18 
3	23 17 16 
3	23 17 13 
3	23 17 12 
3	23 17 11 
3	22 23 24 
3	22 23 19 
3	22 23 18 
3	22 23 17 
3	22 21 20 
3	22 21 17 
3	22 21 16 
3	22 21 15 
3	22 18 24 
3	22 18 23 
3	22 18 19 
3	22 18 17 
3	22 18 14 
3	22 18 13 
3	22 18 12 
3	22 17 23 
3	22 17 21 
3	22 17 18 
3	22 17 16 
3	22 17 13 
3	22 17 12 
3	22 17 11 
3	22 16 21 
3	22 16 20 
3	22 16 17 
3	22 16 15 
3	22 16 12 
3	22 16 11 
3	22 16 10 
3	21 22 23 
3	21 22 18 
3	21 22 17 
3	21 22 16 
3	21 20 16 
3	21 20 15 
3	21 17 23 
3	21 17 22 
3	21 17 18 
3	21 17 16 
3	21 17 13 
3	21 17 12 
3	21 17 11 
3	21 16 22 
3	21 16 20 
3	21 16 17 
3	21 16 15 
3	21 16 12 
3	21 16 11 
3	21 16 10 
3	21 15 20 
3	21 15 16 
3	21 15 11 
3	21 15 10 
3	20 21 22 
3	20 21 17 
3	20 21 16 
3	20 21 15 
3	20 16 22 
3	20 16 21 
3	20 16 17 
3	20 16 15 
3	20 16 12 
3	20 16 11 
3	20 16 10 
3	20 15 21 
3	20 15 16 
3	20 15 11 
3	20 15 10 
3	19 24 23 
3	19 24 18 
3	19 23 24 
3	19 23 22 
3	19 23 18 
3	19 23 17 
3	19 18 24 
3	19 18 23 
3	19 18 22 
3	19 18 17 
3	19 18 14 
3	19 18 13 
3	19 18 12 
3	19 14 18 
3	19 14 13 
3	19 14 9 
3	19 14 8 
3	19 13 18 
3	19 13 17 
3	19 13 14 
3	19 13 12 
3	19 13 9 
3	19 13 8 
3	19 13 7 
3	18 24 23 
3	18 24 19 
3	18 23 24 
3	18 23 22 
3	18 23 19 
3	18 23 17 
3	18 22 23 
3	18 22 21 
3	18 22 17 
3	18 22 16 
3	18 19 24 
3	18 19 23 
3	18 19 14 
3	18 19 13 
3	18 17 23 
3	18 17 22 
3	18 17 21 
3	18 17 16 
3	18 17 13 
3	18 17 12 
3	18 17 11 
3	18 14 19 
3	18 14 13 
3	18 14 9 
3	18 14 8 
3	18 13 19 
3	18 13 17 
3	18 13 14 
3	18 13 12 
3	18 13 9 
3	18 13 8 
3	18 13 7 
3	18 12 17 
3	18 12 16 
3	18 12 13 
3	18 12 11 
3	18 12 8 
3	18 12 7 
3	18 12 6 
3	17 23 24 
3	17 23 22 
3	17 23 19 
3	17 23 18 
3	17 22 23 
3	17 22 21 
3	17 22 18 
3	17 22 16 
3	17 21 22 
3	17 21 20 
3	17 21 16 
3	17 21 15 
3	17 18 24 
3	17 18 23 
3	17 18 22 
3	17 18 19 
3	17 18 14 
3	17 18 13 
3	17 18 12 
3	17 16 22 
3	17 16 21 
3	17 16 20 
3	17 16 15 
3	17 16 12 
3	17 16 11 
3	17 16 10 
3	17 13 19 
3	17 13 18 
3	17 13 14 
3	17 13 12 
3	17 13 9 
3	17 13 8 
3	17 13 7 
3	17 12 18 
3	17 12 16 
3	17 12 13 
3	17 12 11 
3	17 12 8 
3	17 12 7 
3	17 12 6 
3	17 11 16 
3	17 11 15 
3	17 11 12 
3	17 11 10 
3	17 11 7 
3	17 11 6 
3	17 11 5 
3	16 22 23 
3	16 22 21 
3	16 22 18 
3	16 22 17 
3	16 21 22 
3	16 21 20 
3	16 21 17 
3	16 21 15 
3	16 20 21 
3	16 20 15 
3	16 17 23 
3	16 17 22 
3	16 17 21 
3	16 17 18 
3	16 17 13 
3	16 17 12 
3	16 17 11 
3	16 15 21 
3	16 15 20 
3	16 15 11 
3	16 15 10 
3	16 12 18 
3	16 12 17 
3	16 12 13 
3	16 12 11 
3	16 12 8 
3	16 12 7 
3	16 12 6 
3	16 11 17 
3	16 11 15 
3	16 11 12 
3	16 11 10 
3	16 11 7 
3	16 11 6 
3	16 11 5 
3	16 10 15 
3	16 10 11 
3	16 10 6 
3	16 10 5 
3	15 21 22 
3	15 21 20 
3	15 21 17 
3	15 21 16 
3	15 20 21 
3	15 20 16 
3	15 16 22 
3	15 16 21 
3	15 16 20 
3	15 16 17 
3	15 16 12 
3	15 16 11 
3	15 16 10 
3	15 11 17 
3	15 11 16 
3	15 11 12 
3	15 11 10 
3	15 11 7 
3	15 11 6 
3	15 11 5 
3	15 10 16 
3	15 10 11 
3	15 10 6 
3	15 10 5 
3	14 19 24 
3	14 19 23 
3	14 19 18 
3	14 19 13 
3	14 18 24 
3	14 18 23 
3	14 18 22 
3	14 18 19 
3	14 18 17 
3	14 18 13 
3	14 18 12 
3	14 13 19 
3	14 13 18 
3	14 13 17 
3	14 13 12 
3	14 13 9 
3	14 13 8 
3	14 13 7 
3	14 9 13 
3	14 9 8 
3	14 9 4 
3	14 9 3 
3	14 8 13 
3	14 8 12 
3	14 8 9 
3	14 8 7 
3	14 8 4 
3	14 8 3 
3	14 8 2 
3	13 19 24 
3	13 19 23 
3	13 19 18 
3	13 19 14 
3	13 18 24 
3	13 18 23 
3	13 18 22 
3	13 18 19 
3	13 18 17 
3	13 18 14 
3	13 18 12 
3	13 17 23 
3	13 17 22 
3	13 17 21 
3	13 17 18 
3	13 17 16 
3	13 17 12 
3	13 17 11 
3	13 14 19 
3	13 14 18 
3	13 14 9 
3	13 14 8 
3	13 12 18 
3	13 12 17 
3	13 12 16 
3	13 12 11 
3	13 12 8 
3	13 12 7 
3	13 12 6 
3	13 9 14 
3	13 9 8 
3	13 9 4 
3	13 9 3 
3	13 8 14 
3	13 8 12 
3	13 8 9 
3	13 8 7 
3	13 8 4 
3	13 8 3 
3	13 8 2 
3	13 7 12 
3	13 7 11 
3	13 7 8 
3	13 7 6 
3	13 7 3 
3	13 7 2 
3	13 7 1 
3	12 18 24 
3	12 18 23 
3	12 18 22 
3	12 18 19 
3	12 18 17 
3	12 18 14 
3	12 18 13 
3	12 17 23 
3	12 17 22 
3	12 17 21 
3	12 17 18 
3	12 17 16 
3	12 17 13 
3	12 17 11 
3	12 16 22 
3	12 16 21 
3	12 16 20 
3	12 16 17 
3	12 16 15 
3	12 16 11 
3	12 16 10 
3	12 13 19 
3	12 13 18 
3	12 13 17 
3	12 13 14 
3	12 13 9 
3	12 13 8 
3	12 13 7 
3	12 11 17 
3	12 11 16 
3	12 11 15 
3	12 11 10 
3	12 11 7 
3	12 11 6 
3	12 11 5 
3	12 8 14 
3	12 8 13 
3	12 8 9 
3	12 8 7 
3	12 8 4 
3	12 8 3 
3	12 8 2 
3	12 7 13 
3	12 7 11 
3	12 7 8 
3	12 7 6 
3	12 7 3 
3	12 7 2 
3	12 7 1 
3	12 6 11 
3	12 6 10 
3	12 6 7 
3	12 6 5 
3	12 6 2 
3	12 6 1 
3	12 6 0 
3	11 17 23 
3	11 17 22 
3	11 17 21 
3	11 17 18 
3	11 17 16 
3	11 17 13 
3	11 17 12 
3	11 16 22 
3	11 16 21 
3	11 16 20 
3	11 16 17 
3	11 16 15 
3	11 16 12 
3	11 16 10 
3	11 15 21 
3	11 15 20 
3	11 15 16 
3	11 15 10 
3	11 12 18 
3	11 12 17 
3	11 12 16 
3	11 12 13 
3	11 12 8 
3	11 12 7 
3	11 12 6 
3	11 10 16 
3	11 10 15 
3	11 10 6 
3	11 10 5 
3	11 7 13 
3	11 7 12 
3	11 7 8 
3	11 7 6 
3	11 7 3 
3	11 7 2 
3	11 7 1 
3	11 6 12 
3	11 6 10 
3	11 6 7 
3	11 6 5 
3	11 6 2 
3	11 6 1 
3	11 6 0 
3	11 5 10 
3	11 5 6 
3	11 5 1 
3	11 5 0 
3	10 16 22 
3	10 16 21 
3	10 16 20 
3	10 16 17 
3	10 16 15 
3	10 16 12 
3	10 16 11 
3	10 15 21 
3	10 15 20 
3	10 15 16 
3	10 15 11 
3	10 11 17 
3	10 11 16 
3	10 11 15 
3	10 11 12 
3	10 11 7 
3	10 11 6 
3	10 11 5 
3	10 6 12 
3	10 6 11 
3	10 6 7 
3	10 6 5 
3	10 6 2 
3	10 6 1 
3	10 6 0 
3	10 5 11 
3	10 5 6 
3	10 5 1 
3	10 5 0 
3	9 14 19 
3	9 14 18 
3	9 14 13 
3	9 14 8 
3	9 13 19 
3	9 13 18 
3	9 13 17 
3	9 13 14 
3	9 13 12 
3	9 13 8 
3	9 13 7 
3	9 8 14 
3	9 8 13 
3	9 8 12 
3	9 8 7 
3	9 8 4 
3	9 8 3 
3	9 8 2 
3	9 4 8 
3	9 4 3 
3	9 3 8 
3	9 3 7 
3	9 3 4 
3	9 3 2 
3	8 14 19 
3	8 14 18 
3	8 14 13 
3	8 14 9 
3	8 13 19 
3	8 13 18 
3	8 13 17 
3	8 13 14 
3	8 13 12 
3	8 13 9 
3	8 13 7 
3	8 12 18 
3	8 12 17 
3	8 12 16 
3	8 12 13 
3	8 12 11 
3	8 12 7 
3	8 12 6 
3	8 9 14 
3	8 9 13 
3	8 9 4 
3	8 9 3 
3	8 7 13 
3	8 7 12 
3	8 7 11 
3	8 7 6 
3	8 7 3 
3	8 7 2 
3	8 7 1 
3	8 4 9 
3	8 4 3 
3	8 3 9 
3	8 3 7 
3	8 3 4 
3	8 3 2 
3	8 2 7 
3	8 2 6 
3	8 2 3 
3	8 2 1 
3	7 13 19 
3	7 13 18 
3	7 13 17 
3	7 13 14 
3	7 13 12 
3	7 13 9 
3	7 13 8 
3	7 12 18 
3	7 12 17 
3	7 12 16 
3	7 12 13 
3	7 12 11 
3	7 12 8 
3	7 12 6 
3	7 11 17 
3	7 11 16 
3	7 11 15 
3	7 11 12 
3	7 11 10 
3	7 11 6 
3	7 11 5 
3	7 8 14 
3	7 8 13 
3	7 8 12 
3	7 8 9 
3	7 8 4 
3	7 8 3 
3	7 8 2 
3	7 6 12 
3	7 6 11 
3	7 6 10 
3	7 6 5 
3	7 6 2 
3	7 6 1 
3	7 6 0 
3	7 3 9 
3	7 3 8 
3	7 3 4 
3	7 3 2 
3	7 2 8 
3	7 2 6 
3	7 2 3 
3	7 2 1 
3	7 1 6 
3	7 1 5 
3	7 1 2 
3	7 1 0 
3	6 12 18 
3	6 12 17 
3	6 12 16 
3	6 12 13 
3	6 12 11 
3	6 12 8 
3	6 12 7 
3	6 11 17 
3	6 11 16 
3	6 11 15 
3	6 11 12 
3	6 11 10 
3	6 11 7 
3	6 11 5 
3	6 10 16 
3	6 10 15 
3	6 10 11 
3	6 10 5 
3	6 7 13 
3	6 7 12 
3	6 7 11 
3	6 7 8 
3	6 7 3 
3	6 7 2 
3	6 7 1 
3	6 5 11 
3	6 5 10 
3	6 5 1 
3	6 5 0 
3	6 2 8 
3	6 2 7 
3	6 2 3 
3	6 2 1 
3	6 1 7 
3	6 1 5 
3	6 1 2 
3	6 1 0 
3	6 0 5 
3	6 0 1 
3	5 11 17 
3	5 11 16 
3	5 11 15 
3	5 11 12 
3	5 11 10 
3	5 11 7 
3	5 11 6 
3	5 10 16 
3	5 10 15 
3	5 10 11 
3	5 10 6 
3	5 6 12 
3	5 6 11 
3	5 6 10 
3	5 6 7 
3	5 6 2 
3	5 6 1 
3	5 6 0 
3	5 1 7 
3	5 1 6 
3	5 1 2 
3	5 1 0 
3	5 0 6 
3	5 0 1 
3	4 9 14 
3	4 9 13 
3	4 9 8 
3	4 9 3 
3	4 8 14 
3	4 8 13 
3	4 8 12 
3	4 8 9 
3	4 8 7 
3	4 8 3 
3	4 8 2 
3	4 3 9 
3	4 3 8 
3	4 3 7 
3	4 3 2 
3	3 9 14 
3	3 9 13 
3	3 9 8 
3	3 9 4 
3	3 8 14 
3	3 8 13 
3	3 8 12 
3	3 8 9 
3	3 8 7 
3	3 8 4 
3	3 8 2 
3	3 7 13 
3	3 7 12 
3	3 7 11 
3	3 7 8 
3	3 7 6 
3	3 7 2 
3	3 7 1 
3	3 4 9 
3	3 4 8 
3	3 2 8 
3	3 2 7 
3	3 2 6 
3	3 2 1 
3	2 8 14 
3	2 8 13 
3	2 8 12 
3	2 8 9 
3	2 8 7 
3	2 8 4 
3	2 8 3 
3	2 7 13 
3	2 7 12 
3	2 7 11 
3	2 7 8 
3	2 7 6 
3	2 7 3 
3	2 7 1 
3	2 6 12 
3	2 6 11 
3	2 6 10 
3	2 6 7 
3	2 6 5 
3	2 6 1 
3	2 6 0 
3	2 3 9 
3	2 3 8 
3	2 3 7 
3	2 3 4 
3	2 1 7 
3	2 1 6 
3	2 1 5 
3	2 1 0 
3	1 7 13 
3	1 7 12 
3	1 7 11 
3	1 7 8 
3	1 7 6 
3	1 7 3 
3	1 7 2 
3	1 6 12 
3	1 6 11 
3	1 6 10 
3	1 6 7 
3	1 6 5 
3	1 6 2 
3	1 6 0 
3	1 5 11 
3	1 5 10 
3	1 5 6 
3	1 5 0 
3	1 2 8 
3	1 2 7 
3	1 2 6 
3	1 2 3 
3	1 0 6 
3	1 0 5 
3	0 6 12 
3	0 6 11 
3	0 6 10 
3	0 6 7 
3	0 6 5 
3	0 6 2 
3	0 6 1 
3	0 5 11 
3	0 5 10 
3	0 5 6 
3	0 5 1 
3	0 1 7 
3	0 1 6 
3	0 1 5 
3	0 1 2 
